State
0,1,2,3,4,5,6,7,8,9,10,11,12,13,14,15,16,17,18,19,20,21,22,23,24,25,26,27,28,29,30,31,32,33,34,35,36,37,38,39,40,41,42,43,44,45,46,47,48,49,50,51,52,53,54,55,56,57,58,59,60,61,62,63,64,65,66,67,68,69,70,71,72,73,74,75,76,77,78,79,80,81,82,83,84,85,86,87,88,89,90,91,92,93,94,95,96,97,98,99,100,101,102,103,104,105,106,107,108,109,110,111,112,113,114,115,116,117,118,119,120,121,122,123,124,125,126,127,128,129,130,131,132,133,134,135,136,137,138,139,140,141,142,143,144,145,146,147,148,149,150,151,152,153,154,155,156,157,158,159,160,161,162,163,164,165,166,167,168,169,170,171,172,173,174,175,176,177,178,179,180,181,182,183,184,185,186,187,188,189,190,191,192,193,194,195,196,197,198,199,200,201,202,203,204,205,206,207,208,209,210,211,212,213,214,215,216,217,218,219,220,221,222,223,224,225,226,227,228,229,230,231,232,233,234,235,236,237,238,239,240,241,242,243,244,245,246,247,248,249,250,251,252,253,254,255,256,257,258,259,260,261,262,263,264,265,266,267,268,269,270,271,272,273,274,275,276,277,278,279,280,281,282,283,284,285,286,287,288,289,290,291,292,293,294,295,296,297,298,299,300,301,302,303,304,305,306,307,308,309,310,311,312,313,314,315,316,317,318,319,320,321,322,323,324,325,326,327,328,329,330,331,332,333,334,335,336,337,338,339,340,341,342,343,344,345,346,347,348,349,350,351,352,353,354,355,356,357,358,359,360,361,362,363,364,365,366,367,368,369,370,371,372,373,374,375,376,377,378,379,380,381,382,383,384,385,386,387,388,389,390,391,392,393,394,395,396,397
Input symbol
1,2,3,a,c,d,e,q,s,w,x,z
State transition function
0,1,1
2,1,3
4,E,0
4,E,2
1,E,5
3,E,5
6,z,7
8,1,9
10,E,6
10,E,8
7,E,11
9,E,11
12,c,13
14,2,15
16,E,12
16,E,14
13,E,17
15,E,17
18,2,19
20,E,16
20,E,18
17,E,21
19,E,21
22,z,23
24,2,25
26,E,22
26,E,24
23,E,27
25,E,27
28,z,29
30,z,31
32,2,33
34,E,30
34,E,32
31,E,35
33,E,35
36,z,37
38,c,39
40,q,41
42,E,38
42,E,40
39,E,43
41,E,43
44,w,45
46,E,42
46,E,44
43,E,47
45,E,47
48,z,49
50,w,51
52,E,48
52,E,50
49,E,53
51,E,53
54,z,55
56,c,57
58,w,59
60,E,56
60,E,58
57,E,61
59,E,61
62,z,63
64,z,65
66,a,67
68,E,64
68,E,66
65,E,69
67,E,69
70,a,71
72,E,68
72,E,70
69,E,73
71,E,73
74,z,75
76,a,77
78,E,74
78,E,76
75,E,79
77,E,79
80,z,81
82,z,83
84,a,85
86,E,82
86,E,84
83,E,87
85,E,87
88,z,89
90,c,91
92,s,93
94,E,90
94,E,92
91,E,95
93,E,95
96,s,97
98,E,94
98,E,96
95,E,99
97,E,99
100,z,101
99,E,100
89,E,98
87,E,88
81,E,86
79,E,80
73,E,78
63,E,72
61,E,62
55,E,60
53,E,54
47,E,52
37,E,46
35,E,36
29,E,34
27,E,28
21,E,26
11,E,20
5,E,10
102,3,103
104,3,105
106,E,102
106,E,104
103,E,107
105,E,107
108,z,109
110,3,111
112,E,108
112,E,110
109,E,113
111,E,113
114,d,115
116,3,117
118,E,114
118,E,116
115,E,119
117,E,119
120,z,121
122,d,123
124,3,125
126,E,122
126,E,124
123,E,127
125,E,127
128,3,129
130,3,131
132,E,128
132,E,130
129,E,133
131,E,133
134,3,135
136,z,137
138,3,139
140,E,136
140,E,138
137,E,141
139,E,141
142,3,143
144,z,145
146,d,147
148,e,149
150,E,146
150,E,148
147,E,151
149,E,151
152,e,153
154,E,150
154,E,152
151,E,155
153,E,155
156,z,157
158,e,159
160,E,156
160,E,158
157,E,161
159,E,161
162,3,163
164,e,165
166,E,162
166,E,164
163,E,167
165,E,167
168,3,169
170,d,171
172,e,173
174,E,170
174,E,172
171,E,175
173,E,175
176,d,177
178,e,179
180,E,176
180,E,178
177,E,181
179,E,181
182,e,183
184,e,185
186,E,182
186,E,184
183,E,187
185,E,187
188,e,189
190,z,191
192,e,193
194,E,190
194,E,192
191,E,195
193,E,195
196,3,197
198,e,199
200,E,196
200,E,198
197,E,201
199,E,201
202,3,203
204,d,205
206,e,207
208,E,204
208,E,206
205,E,209
207,E,209
210,e,211
212,d,213
214,x,215
216,E,212
216,E,214
213,E,217
215,E,217
218,x,219
220,E,216
220,E,218
217,E,221
219,E,221
222,d,223
221,E,222
211,E,220
209,E,210
203,E,208
201,E,202
195,E,200
189,E,194
187,E,188
181,E,186
175,E,180
169,E,174
167,E,168
161,E,166
155,E,160
145,E,154
143,E,144
141,E,142
135,E,140
133,E,134
127,E,132
121,E,126
119,E,120
113,E,118
107,E,112
224,E,225
226,1,227
228,E,224
228,E,226
225,E,229
227,E,229
230,1,231
232,E,228
232,E,230
229,E,233
231,E,233
234,c,235
236,1,237
238,E,234
238,E,236
235,E,239
237,E,239
240,a,241
242,2,243
244,E,240
244,E,242
241,E,245
243,E,245
246,a,247
248,z,249
250,2,251
252,E,248
252,E,250
249,E,253
251,E,253
254,s,255
256,z,257
258,2,259
260,E,256
260,E,258
257,E,261
259,E,261
262,z,263
264,q,265
266,E,262
266,E,264
263,E,267
265,E,267
268,q,269
270,E,266
270,E,268
267,E,271
269,E,271
272,1,273
274,q,275
276,E,272
276,E,274
273,E,277
275,E,277
278,w,279
280,q,281
282,E,278
282,E,280
279,E,283
281,E,283
284,w,285
286,z,287
288,q,289
290,E,286
290,E,288
287,E,291
289,E,291
292,a,293
294,q,295
296,E,292
296,E,294
293,E,297
295,E,297
298,2,299
300,z,301
302,z,303
304,q,305
306,E,302
306,E,304
303,E,307
305,E,307
308,w,309
310,z,311
312,z,313
314,q,315
316,E,312
316,E,314
313,E,317
315,E,317
318,s,319
320,z,321
322,w,323
324,E,320
324,E,322
321,E,325
323,E,325
326,w,327
328,E,324
328,E,326
325,E,329
327,E,329
330,z,331
332,w,333
334,E,330
334,E,332
331,E,335
333,E,335
336,z,337
338,a,339
340,a,341
342,E,338
342,E,340
339,E,343
341,E,343
344,a,345
346,E,342
346,E,344
343,E,347
345,E,347
348,c,349
350,s,351
352,E,348
352,E,350
349,E,353
351,E,353
354,a,355
356,E,352
356,E,354
353,E,357
355,E,357
358,z,359
360,a,361
362,E,358
362,E,360
359,E,363
361,E,363
364,z,365
366,z,367
368,1,369
370,E,366
370,E,368
367,E,371
369,E,371
372,z,373
374,2,375
376,E,372
376,E,374
373,E,377
375,E,377
378,z,379
380,z,381
382,w,383
384,E,380
384,E,382
381,E,385
383,E,385
386,z,387
388,z,389
390,s,391
392,E,388
392,E,390
389,E,393
391,E,393
394,z,395
393,E,394
387,E,392
385,E,386
379,E,384
377,E,378
371,E,376
365,E,370
363,E,364
357,E,362
347,E,356
337,E,346
335,E,336
329,E,334
319,E,328
317,E,318
311,E,316
309,E,310
307,E,308
301,E,306
299,E,300
297,E,298
291,E,296
285,E,290
283,E,284
277,E,282
271,E,276
261,E,270
255,E,260
253,E,254
247,E,252
245,E,246
239,E,244
233,E,238
223,E,232
101,E,106
396,E,397
396,E,4
395,E,4
395,E,397
Initial state
396
Final state
397